0.0906717794965198
0.09001587971504818
0.08973526772755042
0.08956052749745373
0.0894272271662887
0.08930787261424543
0.08919189832230875
0.0890745651890347
0.08895453248323916
0.08883115013779354
0.08870304689637379
0.08857056956841493
0.08843343953556343
0.08828952634480716
0.08813967905255524
0.08798307429022117
0.08781803025206777
0.08764551169296572
0.08746201583126714
0.08726978196359392
0.08706457368028697
0.08684788285287967
0.08661468436659527
0.08637031860379522
0.08610878791858646
0.08582713829873721
0.0855276736337493
0.08520560977714402
0.08486369535771769
0.08449717082861644
0.08410741347493901
0.08369434525622234
0.08325539675475692
0.08279215289490309
0.08230919071606227
0.08180264872052014
0.08127782213440074
0.08073205948034838
0.0801755987933831
0.0796019609358265
0.07902307404097972
0.07843579603696683
0.07783770029033933
0.07723791742407436
0.07663189351304507
0.0760292926831032
0.07541923926297281
0.0748071859417948
0.07419023035701786
0.07357663768472703
0.07295692431281751
0.07233431818944686
0.07170363076364816
0.07106370419295611
0.07042666619170958
0.06977725612408699
0.06912021780970382
0.06845307038393991
0.0677800119510973
0.06709812776143871
0.06640079601217053
0.06570306193155012
0.06500156423938808
0.06429102177272981
0.06357816254088619
0.06285635116242015
0.06214163871382727
0.06141336301941353
0.060700429313536135
0.059984774171893025
0.05927132386595074
0.05856853628606557
0.05786504133789143
0.057167051546672766
0.056471420019102506
0.05578381073341441
0.0551059988539801
0.05443787633546634
0.053771981703383584
0.053113788461634344
0.0524669681141562
0.051825955164616806
0.051192930095326675
0.050568121137903696
0.0499519241779153
0.049347158457869404
0.04874132174466338
0.04815215701217463
0.047579882964332985
0.047001917927917136
0.046432256293512865
0.04588024448484246
0.0453289881515414
0.04478657435872026
0.04425936501854455
0.04373395845873841
0.043232979399880876
0.042726081194304454
0.04223817605962123
0.04174238291265232
0.04125774547116144
0.040789932530841976
0.04032453647387752
0.039875332762532904
0.03942206887198664
0.03898760206949736
0.03855952018621697
0.03813262384480187
0.03771780584571458
0.03730412574210909
0.03690197279474247
0.03650558124909968
0.036121589767097284
0.03574583908197468
0.03537404827320817
0.035008100963541185
0.03464568652379424
0.03429612385105096
0.03395259588249901
0.03361673932125383
0.03328659228567503
0.032968340070247015
0.03264543855948044
0.03233415757550169
0.03203535504909212
0.031739119215926
0.03144339360257011
0.031165145091347095
0.03088842986870422
0.030612598566501253
0.03035040174934592
0.030083892811367762
0.029832368954889048
0.029583068971615483
0.029333776838060762
0.029102925957837845
0.028869731472864715
0.028638687751281745
0.028415877145649526
0.028196769021848627
0.027984218163562734
0.027779314381036677
0.027569775247195765
0.027367768840971533
0.027170153904650638
0.026980309781910322
0.026799527886532136
0.026611293800103703
0.026431002667042684
0.02625781169999192
0.026084155479728033
0.0259136991527702
0.025750246659509028
0.025589296022362547
0.025435284864324243
0.02528302429982626
0.025122985170324092
0.024977573015883978
0.02483008778802971
0.02468665162109331
0.02454434152938791
0.02441006390028385
0.024278412541267332
0.024140732546549425
0.024015559892315092
0.023886217992863994
0.023759413373543384
0.023640075242762435
0.023516504988590602
0.023400755874169215
0.023283751416347746
0.02317334371489852
0.023067517293446353
0.022954444825919323
0.02284739624117134
0.022736045308530267
0.022638937693708804
0.02253980635266219
0.022440377318028257
0.022346721862806188
0.022249493282288313
0.022150939149754263
0.022056252303431983
0.021966369960631834
0.02187789655399761
0.021783546675671773
0.02170152276623319
0.021616792286446355
0.02153113613854339
0.02144225039231434
0.021363370181091114
0.021289899593779145
0.021213269276198928
0.02113203272652397
0.02105830684959539
0.020978601134594665
0.02090223790752068
0.02083084841014575
0.020760192274689865
0.020688648156917046
