11.35
11.35
11.35
11.48
11.82
12.83
14.69
15.94
18.11
20.25
21.42
22.48
23.44
24.26
24.99
26.12
26.97
27.26
27.47
27.84
27.82
27.81
27.92
28.7
28.38
28.37
28.35
28.63
28.79
28.64
28.73
28.96
29.07
29.12
29.33
29.97
30.57
31.19
32.44
33.02
34.05
35.0
36.16
37.16
38.83
39.59
41.11
42.35
43.3
44.49
45.15
46.11
46.74
47.76
48.51
49.33
49.99
50.7
51.36
51.97
52.69
53.51
54.18
54.96
55.81
56.67
57.28
58.0
58.6
59.35
60.07
60.7
61.29
62.03
62.54
63.1
63.75
64.23
64.94
65.69
66.25
66.92
67.67
68.21
68.92
69.44
70.01
70.5
71.11
71.69
72.34
72.7
73.14
73.56
74.18
74.75
75.13
75.65
75.99
76.16
76.79
77.12
77.51
78.05
78.48
78.82
79.21
79.63
80.07
80.47
80.85
81.16
81.44
81.84
82.15
82.47
82.77
83.05
83.37
83.64
83.82
84.02
84.21
84.45
84.56
84.73
84.83
85.03
85.17
85.3
85.46
85.5
85.59
85.68
85.79
85.91
86.07
86.14
86.25
86.3
86.45
86.57
86.69
86.8
86.82
86.94
86.94
87.01
87.1
87.12
87.25
87.24
87.28
87.36
87.39
87.39
87.47
87.5
87.63
87.66
87.74
87.8
87.85
87.88
87.87
87.96
87.98
87.99
88.1
88.12
88.17
88.22
88.23
88.25
88.28
88.34
88.35
88.38
88.41
88.44
88.46
88.52
88.55
88.57
88.56
88.6
88.65
88.67
88.71
88.7
88.76
88.78
88.8
88.85
88.87
88.9
88.96
88.98
89.0
89.04
10.85
10.32
9.74
9.74
15.86
12.67
8.98
10.36
12.33
18.44
17.51
17.47
18.58
20.04
21.24
23.29
24.51
26.64
27.49
28.34
28.76
29.31
29.78
30.18
30.91
31.16
31.55
31.6
31.43
31.51
31.21
31.39
31.36
31.13
31.21
31.19
31.0
31.27
31.35
31.49
31.5
31.92
32.34
32.47
33.35
34.01
34.61
35.75
36.43
37.85
39.26
40.42
41.75
43.3
44.46
45.63
46.87
47.95
49.02
50.02
51.05
52.26
53.25
54.05
55.19
56.05
56.64
57.44
58.07
58.71
59.34
59.87
60.33
60.92
61.4
61.8
62.21
62.79
63.37
63.78
64.32
64.74
65.6
66.17
66.57
67.0
67.57
68.19
68.97
69.66
70.23
70.81
71.61
72.27
72.77
73.19
73.7
74.17
74.48
75.12
75.34
75.67
76.17
76.55
76.78
77.13
77.44
77.73
78.15
78.28
9.58
9.58
20.06
18.35
17.28
18.09
18.85
19.52
20.54
21.21
21.67
22.1
22.45
22.59
22.77
23.02
23.2
23.14
23.33
23.17
23.41
23.38
23.68
23.82
23.7
23.69
23.71
23.82
24.34
24.29
24.64
25.06
25.64
26.21
26.84
27.67
28.91
30.28
31.46
33.23
34.76
36.19
37.92
39.21
40.42
42.04
43.58
44.86
45.87
46.84
47.75
48.71
49.66
50.34
50.88
51.6
52.18
52.85
53.41
53.99
54.51
54.82
55.26
55.91
56.29
56.84
57.38
57.9
58.54
59.16
59.68
60.18
60.61
61.23
61.91
62.41
62.87
63.44
64.01
64.79
65.38
66.16
66.76
67.42
68.07
68.67
69.43
70.12
70.82
71.56
72.22
73.03
73.85
74.42
75.13
75.88
76.31
76.85
77.44
77.89
78.62
78.89
79.22
79.79
80.1
80.48
80.84
81.11
81.65
82.04
82.23
82.41
82.58
82.67
82.86
83.23
83.5
83.72
83.9
84.09
84.28
84.36
84.57
84.79
84.88
85.12
85.22
85.36
85.48
85.56
85.66
85.7
85.88
85.98
86.12
86.24
86.28
86.33
86.42
86.5
86.59
86.73
86.81
86.93
87.04
87.04
87.08
87.14
87.23
87.23
87.29
87.36
87.42
87.42
87.46
87.56
87.57
87.62
87.68
87.68
87.78
87.78
87.86
87.87
87.87
87.93
87.95
88.0
88.05
88.08
88.13
88.15
88.23
88.25
88.31
88.36
88.42
88.46
88.48
88.51
88.56
88.52
88.58
88.68
88.68
88.7
88.79
88.78
88.79
88.83
88.85
88.86
88.89
88.89
88.92
88.94
89.0
89.04
89.04
89.08
